5 244 0 0
128 5 0 -244
5 113 -128 -244
128 5 0 -357

128 5 0 -412
5 113 -128 -412
128 5 0 -525
5 264 0 -525    
50 20 0 -652

698 5 0 0
5 72 -352 0

5 244 -698 0
128 5 -570 -244
5 113 -570 -244
128 5 -570 -357

128 5 -570 -412
5 113 -570 -412
128 5 -570 -525
5 264 -698 -525    
50 20 -648 -652

698 5 0 -789

70 40 -60 -60
90 40 -190 -60
90 40 -430 -60  
70 40 -570 -60

70 30 -60 -160
30 160 -190 -160
90 30 -190 -244
150 30 -280 -160
30 90 -340 -160
30 160 -490 -160
90 30 -430 -244
70 30 -570 -160

55 5 -280 -334
55 5 -370 -334
5 90 -280 -334
5 90 -425 -334
145 5 -280 -424

30 113 -190 -412
150 30 -280 -495
30 90 -340 -495
30 113 -490 -412

70 20 -60 -585
20 80 -110 -585
90 20 -190 -585
90 20 -430 -585
70 20 -570 -585
20 80 -570 -585

180 10 -60 -729 
30 60 -190 -669
150 15 -280 -669
30 70 -340 -669
180 10 -430 -729
30 60 -490 -669