-65 -750
-95 -750
-125 -750
-155 -750
-185 -750
-215 -750
-245 -750
-275 -750
-305 -750
-335 -750
-365 -750
-395 -750
-425 -750
-455 -750
-485 -750
-515 -750
-545 -750
-575 -750
-605 -750
-645 -750

-275 -720
-275 -690

-245 -690
-245 -660

-395 -720
-395 -690

-425 -690
-455 -690

-455 -660
-455 -630

-645 -720
-645 -690

-605 -690
-575 -690
-545 -690

-545 -660
-545 -630

-515 -630
-485 -630
-425 -630
-395 -630
-365 -630
-335 -630
-305 -630
-275 -630
-245 -630
-215 -630
-185 -630
-155 -630

-155 -660
-155 -690

-125 -690
-95 -690
-65 -690
-35 -690

-75 -660
-75 -620

-30 -620
-30 -590
-30 -550

-60 -550
-90 -550
-120 -550
-150 -550
-150 -590
-180 -550
-210 -550
-240 -550
-270 -550
-300 -550

-300 -590

-150 -520
-150 -490
-150 -460
-150 -430
-150 -400
-150 -370
-150 -340
-150 -310
-150 -280
-150 -250
-150 -220
-150 -190
-150 -160
-150 -130
-150 -100
-150 -60

-180 -130
-210 -130
-240 -130
-270 -130
-300 -130
-330 -130
-360 -130
-390 -130
-420 -130
-450 -130
-480 -130
-510 -130
-540 -130
-570 -130
-600 -130
-630 -130
-660 -130

-660 -160
-660 -190

-450 -170
-450 -210

-420 -210
-390 -210

-240 -170
-240 -210

-270 -210
-300 -210

-300 -240
-300 -270
-300 -300
-270 -300
-240 -300

-330 -300
-360 -300
-390 -300
-420 -300

-390 -270
-390 -240

-240 -330
-240 -360
-240 -390
-240 -420
-240 -450
-240 -480
-240 -510

-270 -450
-300 -450
-330 -450
-360 -450
-390 -450
-420 -450
-450 -450

-450 -480
-450 -510
-450 -540

-420 -540
-390 -540
-390 -570
-390 -600

-480 -540
-510 -540
-540 -540

-540 -510
-540 -480
-540 -450 
-540 -420
-540 -390
-540 -360
-540 -330
-540 -300
-540 -270
-540 -240
-540 -210
-540 -180
-540 -150

-570 -210
-600 -210
-630 -210

-510 -370
-480 -370
-450 -370
-450 -410

-450 -330
-450 -300

-540 -570
-540 -600

-570 -550
-600 -550
-630 -550
-660 -550
-660 -580

-210 -370
-180 -370

-390 -100
-390 -65
-390 -35

-420 -35
-450 -35
-480 -35
-510 -35
-540 -35
-570 -35
-600 -35
-630 -35
-660 -35

-660 -65
-660 -100

-540 -65
-540 -100

-120 -215
-90 -215
-60 -215
-30 -215

-30 -185
-30 -155
-30 -125
-30 -95
-30 -65
-30 -35

-60 -35
-90 -35
-120 -35
-150 -35
-180 -35
-210 -35
-240 -35
-270 -35
-300 -35

-300 -65
-300 -100

-60 -130
-90 -130
-120 -130

-615 -660
-615 -620 

-660 -620